2 0.3875537419644222 0.4889004348775385 0.4145410728300306 0.48699095392006664 0.4154958133087665 0.494581140726019 0.3885084824431581 0.49649062168349084
0 0.3218975010588736 0.44980940279542575 0.3523930537907668 0.44980940279542575 0.3523930537907668 0.4587039390088945 0.3218975010588736 0.4587039390088945
0 0.25204227233947607 0.44811711233129564 0.28245601943423665 0.44644296111507087 0.2833240978426495 0.4553136373510427 0.2529103507478889 0.45698778856726746
0 0.3215043646732333 0.45065840839228666 0.35191811176799387 0.4489842571760617 0.3527861901764068 0.4578549334120335 0.32237244308164625 0.4595290846282584
0 0.38071644236109503 0.4407075884328636 0.4110844621122773 0.43861804578943403 0.41216792866812957 0.4474753848835288 0.3817999089169474 0.4495649275269583
0 0.45017088615453377 0.439456998494762 0.4805341250346201 0.43732873408728057 0.4816376695422031 0.446184678760639 0.45127443066211675 0.4483129431681204
0 0.5337864920932118 0.4318058556023912 0.5642766416741037 0.43223638105362494 0.5640534062549455 0.44112934134805176 0.5335632566740535 0.44069881589681803
0 0.6269673476628858 0.4368884477243734 0.6574574972437778 0.43731897317560714 0.6572342618246194 0.44621193347003396 0.6267441122437275 0.4457814080188002
0 0.7099830189885953 0.4318058556023912 0.7404731685694872 0.43223638105362494 0.740249933150329 0.44112934134805176 0.709759783569437 0.44069881589681803
2 0.4568618163550887 0.4854350311580052 0.4838491472206971 0.48352555020053334 0.484803887699433 0.4911157370064857 0.4578165568338246 0.49302521796395754
2 0.5358278422947771 0.4786889307606825 0.5629350001010838 0.478686603539015 0.5629361637119175 0.48631049167203877 0.5358290059056108 0.4863128188937062
2 0.6282386081489992 0.4833094690533935 0.6553457659553059 0.4833071418317261 0.6553469295661397 0.4909310299647498 0.6282397717598329 0.4909333571864173
2 0.25825330854336487 0.5014079261243349 0.28528422210131527 0.49988416565096916 0.2860461023379981 0.5074866100891428 0.2590151887800477 0.5090103705625084
2 0.7098681179868952 0.4786889307606825 0.7369752757932019 0.478686603539015 0.7369764394040356 0.48631049167203877 0.7098692815977289 0.4863128188937062
2 0.32594656472827416 0.4958312423166051 0.35293389559388255 0.49392176135913324 0.35388863607261845 0.5015119481650856 0.3269013052070101 0.5034214291225575
1 0.7137298794011873 0.2793898740819318 0.7459163045238272 0.2797368653766114 0.7381972701088485 0.6824906850033351 0.7060108449862085 0.6821436937086554
1 0.6303841229877396 0.2856991413236887 0.662567785338997 0.28616864943447556 0.6521232891200882 0.6888878980666607 0.6199396267688309 0.6884183899558738
1 0.5323734502663048 0.2846859044856983 0.5645628237878252 0.2845691254359076 0.5671606454568537 0.6873598388433582 0.5349712719353333 0.6874766178931488
1 0.23319996675433532 0.2936352065763888 0.26530666696748917 0.2919021038724359 0.30386060080279176 0.6936583131186154 0.27175390058963794 0.6953914158225682
1 0.4283469214827237 0.2841721045338018 0.46038807457045555 0.2818550389570441 0.5119326210849956 0.6827910466732723 0.4798914679972637 0.68510811225003
1 0.35761676225268313 0.28940659163019083 0.38964280288115377 0.28697484069353224 0.44373859564752444 0.6877217438208474 0.41171255501905374 0.690153494757506
1 0.30562977576978545 0.2960522839398543 0.33774714169406495 0.2944341569035762 0.3737433712028471 0.6963238278771298 0.3416260052785676 0.6979419549134079
