0 0.20672897961792677 0.4660639272320119 0.23721806073394638 0.46653509745868765 0.23697375024604048 0.47542774611752664 0.2064846691300209 0.47495657589085094
0 0.2674951495598059 0.46649553563259355 0.2979862086801165 0.46610291214018995 0.2981897912317332 0.47499613771694715 0.2676987321114226 0.4753887612093508
0 0.32001526815362213 0.4626835915411069 0.3505063272739327 0.46229096804870323 0.35070990982554945 0.4711841936254605 0.3202188507052388 0.4715768171178641
0 0.3880056961503143 0.4546324623035477 0.41849501689639046 0.45509482794613354 0.418255271748383 0.4639875464970724 0.3877659510023069 0.4635251808544866
0 0.46776194369341456 0.45313379477997495 0.49823260857919066 0.4540576407013014 0.4977535773607251 0.46294491795965276 0.467282912474949 0.46202107203832626
0 0.545809337229267 0.4618362754657174 0.5762544122225468 0.46315169616114205 0.5755723422323267 0.4720315097008486 0.5451272672390469 0.470716089005424
0 0.6164998086025845 0.4677661836630891 0.6469908677228952 0.4673735601706855 0.6471944502745118 0.4762667857474427 0.6167033911542011 0.47665940923984634
2 0.3235969019378045 0.508420593169405 0.35069947341239727 0.5080466195021458 0.3508864602460269 0.515669217729375 0.32378388877143416 0.5160431913966342
2 0.26938258596999426 0.5122325372608916 0.29648515744458703 0.5118585635936324 0.29667214427821664 0.5194811618208616 0.2695695728036239 0.5198551354881208
2 0.2083914805062078 0.5122325372608916 0.23549405198080053 0.5118585635936324 0.23568103881443017 0.5194811618208616 0.2085784673398374 0.5198551354881208
2 0.38967059952357325 0.5033380010474228 0.416773170998166 0.5029640273801635 0.41696015783179563 0.5105866256073928 0.3898575863572029 0.510960599274652
2 0.4678988566699701 0.5027649663752755 0.4949862424234078 0.5035413330363842 0.4945980590928535 0.5111596602795385 0.4675106733394158 0.5103832936184298
2 0.5424435411257092 0.5091182065277532 0.5695309268791469 0.5098945731888618 0.5691427435485926 0.5175129004320161 0.5420553577951549 0.5167365337709076
2 0.6201749413452136 0.5171229031374638 0.6472820965598752 0.5171320927841255 0.6472775017365443 0.5247559801882491 0.6201703465218827 0.5247467905415873
1 0.6166832797432927 0.3138502687431952 0.6488730298445298 0.3138498583797453 0.6488821586314507 0.7166452839886486 0.6166924085302138 0.7166456943520985
1 0.38757959705304784 0.30489934948424346 0.4197689685448944 0.30501644281086626 0.41716415559475933 0.7078071308206871 0.3849747841029128 0.7076900374940643
1 0.2651032000407441 0.3114340791943677 0.29729146354131003 0.3112020578755216 0.3024529202482737 0.7139788814155013 0.2702646567477078 0.7142109027343475
1 0.20838171261079025 0.31257962071269646 0.24057146271202726 0.3125792103492465 0.24058059149894825 0.71537463595815 0.20839084139771125 0.7153750463216
1 0.31674426664339794 0.30522444351706174 0.34892808201999514 0.30476087332542795 0.3592404855812521 0.7074820367878512 0.32705667020465484 0.7079456069794849
1 0.47727866330940855 0.3020655688485189 0.509430381351554 0.3032387948860033 0.4833312477457599 0.705558319334434 0.4511795297036144 0.7043850932969495
1 0.5560936057298526 0.30459438030930625 0.588228869667674 0.3059984683526222 0.5569940689847863 0.7081120999956292 0.5248588050469649 0.7067080119523133
