0 0.2539415705678534 0.4245641506262403 0.284432629688164 0.42415359912048495 0.2846273221720245 0.43304682469724215 0.2541362630517139 0.4334573762029975
0 0.31388952393673525 0.4118576703212849 0.3443805830570459 0.41144711881552953 0.34457527554090644 0.42034034439228674 0.3140842164205957 0.4207508958980421
0 0.37383747730561706 0.4131283183517803 0.40432853642592764 0.41271776684602496 0.4045232289097882 0.4216109924227822 0.37403216978947756 0.4220215439285375
0 0.4256843558949204 0.416940262443267 0.45617541501523096 0.4165297109375116 0.4563701074990915 0.4254229365142689 0.4258790483787809 0.4258334880200242
0 0.5002142438670438 0.405504430168807 0.5307053029873544 0.40509387866305163 0.5308999954712149 0.4139871042398089 0.5004089363509043 0.41439765574556425
0 0.5735703978259425 0.3982648774982957 0.6040154728192224 0.3996403630656573 0.6033631875447325 0.4085201766053639 0.5729181125514526 0.4071446910380023
0 0.6541346646790379 0.39660989395533813 0.6846257237993485 0.39619934244958277 0.6848204162832091 0.40509256802633997 0.6543293571628984 0.40550311953209534
2 0.3168201124418282 0.46140661604106953 0.343922683916421 0.46101556595064774 0.34410150538613665 0.46863816417787696 0.3169989339115439 0.4690292142682987
2 0.25687215907294636 0.4664892081630517 0.28397473054753913 0.46609815807262994 0.2841535520172548 0.47372075629985916 0.257050980542662 0.47411180639028094
2 0.3751478508547944 0.46267726407156506 0.4022504223293871 0.4622862139811433 0.40242924379910283 0.4699088122083725 0.3753266723245101 0.4702998622987943
2 0.4302351593559291 0.4664892081630517 0.4573377308305218 0.46609815807262994 0.4575165523002375 0.47372075629985916 0.4304139808256448 0.47411180639028094
2 0.5031448323721368 0.45505337588859185 0.5302474038467295 0.45466232579817006 0.5304262253164452 0.4622849240253992 0.5033236538418525 0.462675974115821
2 0.572814075476513 0.448700135736114 0.5999166469511057 0.4483090856456922 0.6000954684208214 0.45593168387292143 0.5729928969462287 0.4563227339633432
2 0.6570652531841307 0.4461588396751229 0.6841678246587234 0.4457677895847011 0.6843466461284391 0.4533903878119303 0.6572440746538464 0.4537814379023521
1 0.6505085475620376 0.24423333805327518 0.6826923629386348 0.24374860027298234 0.6925544432002735 0.6464697637354054 0.6603706278236763 0.6469545015156983
1 0.4220582387779201 0.26456370654120404 0.4542420541545173 0.2640789687609112 0.464104134416156 0.6668001322233343 0.4319203190395588 0.6672848700036272
1 0.5007477139088812 0.2552775317010164 0.5394006428479963 0.255569248192305 0.5344582446538854 0.6583460239702357 0.4958053157147702 0.658054307478947
1 0.5798921408801576 0.24872447475808254 0.6120634240962829 0.24957946471488476 0.5946684944669397 0.652143811274562 0.5624972112508144 0.6512888213177599
1 0.37026220772252194 0.263014373892362 0.40245195776131665 0.2630127439836376 0.4024851185573442 0.665808168811191 0.3702953685185495 0.6658097987199153
1 0.31070904812888434 0.26307697036129574 0.3428984216504048 0.26295485893480225 0.3453828013251521 0.6657455723422524 0.31319342780363163 0.6658676837687458
1 0.25277623672748584 0.26949740768406966 0.2849645002280518 0.26925479178445366 0.2899005658124525 0.6720316153244333 0.2577123023118866 0.6722742312240494
