0 0.520426411079026 0.3750803317061154 0.5717829495850536 0.375152453284806 0.571754373110478 0.3955012704287038 0.5203978346044504 0.39542914885001323
1 0.5212478857627977 0.4874820704163223 0.5696974503911257 0.4875501096415021 0.5696743170545645 0.5040229616151336 0.5212247524262366 0.5039549223899539
0 0.3905811014814078 0.3983363217133073 0.44193763998743546 0.39840844329199787 0.4419090635128599 0.41875726043589573 0.39055252500683224 0.4186851388572051
1 0.3914025761651796 0.5126760595907801 0.4398521407935076 0.5127440988159598 0.4398290074569464 0.5292169507895914 0.3913794428286184 0.5291489115644116
0 0.29368161670706583 0.3905843250442434 0.34503815521309344 0.39065644662293403 0.3450095787385179 0.41100526376683183 0.2936530402324903 0.41093314218814125
1 0.2945030913908376 0.5049240629217161 0.3429526560191656 0.5049921021468958 0.3429295226826044 0.5214649541205274 0.29447995805427646 0.5213969148953476
0 0.18778819678001746 0.38568110057930327 0.23911747299748506 0.3840063911017741 0.239781037130091 0.4043444062068085 0.1884517609126234 0.40601911568433774
1 0.19249823227919208 0.4999267396389267 0.24092207776736907 0.49834682503748406 0.24145924873185956 0.5148109325034643 0.1930354032436826 0.5163908471049069
0 0.08216775837598476 0.4166890872555591 0.13349703459345233 0.4150143777780299 0.13416059872605826 0.4353523928830643 0.08283132250859068 0.43702710236059356
1 0.08687779387515941 0.5309347263151825 0.13530163936333642 0.5293548117137398 0.1358388103278269 0.54581891917972 0.0874149648396499 0.5473988337811627
0 0.6476321988584882 0.3606605440999649 0.6989552112387766 0.36251732870136105 0.6982195041325631 0.38285286190864526 0.6468964917522747 0.3809960773072491
1 0.6446480925767976 0.47302469432627975 0.6930660287846168 0.47477637791250255 0.6924704563653009 0.49123847622316114 0.6440525201574818 0.48948679263693834
0 0.7878689890562097 0.3547313404498225 0.8392255275622373 0.35480346202851315 0.8391969510876618 0.37515227917241095 0.7878404125816342 0.3750801575937204
1 0.7906284534354682 0.46616407957639644 0.8390780180637961 0.4662321188015763 0.839054884727235 0.4827049707752078 0.790605320098907 0.482636931550028
