0 0.06395348837209303 0.4244186046511628 0.11531007751937984 0.4244186046511628 0.11531007751937984 0.4447674418604651 0.06395348837209303 0.4447674418604651
0 0.15988397829869153 0.4282946029856947 0.21124056744597838 0.4282946029856947 0.21124056744597838 0.448643440194997 0.15988397829869153 0.448643440194997
0 0.27131838578918477 0.40794561172940186 0.3226749749364716 0.40794561172940186 0.3226749749364716 0.42829444893870416 0.27131838578918477 0.42829444893870416
0 0.37984580873644774 0.4147286088148328 0.43120239788373455 0.4147286088148328 0.43120239788373455 0.4350774460241351 0.37984580873644774 0.4350774460241351
0 0.5058151389430922 0.3914726188076411 0.557171728090379 0.3914726188076411 0.557171728090379 0.41182145601694337 0.5058151389430922 0.41182145601694337
0 0.6450282548145262 0.4000785784302033 0.6963568049973325 0.3983817623015861 0.6970291283690488 0.41871948973250944 0.6457005781862424 0.4204163058611266
0 0.7535451722978265 0.3749139475617424 0.8048717742059851 0.3731591867790111 0.805567056780275 0.39349614225205515 0.7542404548721162 0.39525090303478644
0 0.8750021759333352 0.3672476292168163 0.926358765080622 0.3672476292168163 0.926358765080622 0.3875964664261186 0.8750021759333352 0.3875964664261186
1 0.2713178294573643 0.5232558139534884 0.3197674418604651 0.5232558139534884 0.3197674418604651 0.5397286821705426 0.2713178294573643 0.5397286821705426
1 0.15697643742364084 0.5310078106225522 0.20542604982674165 0.5310078106225522 0.20542604982674165 0.5474806788396064 0.15697643742364084 0.5474806788396064
1 0.06298393719252922 0.5290698114552863 0.11143354959563002 0.5290698114552863 0.11143354959563002 0.5455426796723405 0.06298393719252922 0.5455426796723405
1 0.38372123179560097 0.5290698114552863 0.4321708441987018 0.5290698114552863 0.4321708441987018 0.5455426796723405 0.38372123179560097 0.5455426796723405
1 0.510659556849989 0.5077518206153606 0.5591091692530897 0.5077518206153606 0.5591091692530897 0.5242246888324148 0.510659556849989 0.5242246888324148
1 0.6498047781344891 0.5119102991584777 0.6981908080011934 0.5094289576364165 0.6990344641186942 0.5258802077910959 0.6506484342519899 0.5283615493131572
1 0.7594704043608584 0.4871144030296604 0.8079010735096607 0.4857596972276737 0.8083616734823361 0.5022261247382666 0.7599310043335339 0.5035808305402533
1 0.875970614449258 0.4854648301918017 0.9244202268523588 0.4854648301918017 0.9244202268523588 0.5019376984088559 0.875970614449258 0.5019376984088559
