0 0.06021405621129692 0.39752960111574764 0.11140994405569386 0.3934700054872218 0.11301846307831731 0.4137551685953791 0.061822575233920374 0.41781476422390496
1 0.06751992590481615 0.5019299813021745 0.11581793330519063 0.498100174105452 0.11712006775207628 0.5145214966215793 0.06882206035170178 0.5183513038183017
0 0.18327640187471117 0.40818859653571044 0.23447228971910808 0.40412900090718457 0.23608080874173154 0.4244141640153419 0.18488492089733463 0.42847375964386775
1 0.19058227156823038 0.5125889767221372 0.23888027896860486 0.5087591695254147 0.24018241341549051 0.525180492041542 0.19188440601511603 0.5290102992382645
0 0.2893146699626321 0.38472929549592566 0.3403865897186613 0.37932945649120287 0.34252614856958924 0.39956550016812015 0.29145422881356003 0.40496533917284294
1 0.2993539431486218 0.4889023635555072 0.3475349995222343 0.48380817581520263 0.3492670233539379 0.5001897349822308 0.30108596698032536 0.5052839227225354
0 0.4123770156260464 0.3798842975777606 0.4634489353820756 0.3744844585730378 0.4655884942330035 0.3947205022499551 0.4145165744769743 0.4001203412546779
1 0.4243542785075229 0.48696436438824114 0.4725353348811354 0.4818701766479366 0.474267358712839 0.4982517358149648 0.42608630233922645 0.5033459235552694
0 0.5611241946842496 0.3644213362861526 0.6124807331902772 0.36449345786484316 0.6124521567157016 0.384842275008741 0.561095618209674 0.38477015343005044
1 0.5619456693680214 0.47391607624546045 0.6103952339963493 0.4739841154706403 0.6103721006597882 0.4904569674442718 0.5619225360314603 0.490388928219092
0 0.7248843239528875 0.37217333295521654 0.7762408624589151 0.3722454545339071 0.7762122859843396 0.392594271677805 0.7248557474783119 0.39252215009911434
1 0.7257057986366592 0.4816680729145244 0.7741553632649872 0.4817361121397042 0.774132229928426 0.49820896411333576 0.7256826653000981 0.4981409248881559
0 0.8712025459621437 0.36248333711888653 0.9225590844681714 0.36255545869757716 0.9225305079935958 0.38290427584147496 0.8711739694875682 0.3828321542627844
1 0.8720240206459157 0.4719780770781945 0.9204735852742436 0.4720461163033743 0.9204504519376825 0.48851896827700586 0.8720008873093544 0.488450929051826
