0 0.8523366056288658 0.4020475827332169 0.907753699560868 0.40269267903754163 0.9075000605185702 0.42448157867565395 0.8520829665865679 0.4238364823713292
1 0.8568804405134713 0.5123859751260622 0.9091607120236241 0.5129951210190735 0.9089536024200003 0.5307704133325256 0.8566733309098474 0.5301612674395143
0 0.7353769554748834 0.4098352786786775 0.7907392176126552 0.4123829011190836 0.7897375431160111 0.43415024198576463 0.7343752809782393 0.43160261954535856
1 0.7361293222220722 0.5202646281088619 0.7883578462450259 0.5226686094478106 0.7875404925897834 0.540426307615615 0.7353119685668297 0.5380223262766664
0 0.6207468370181887 0.4068925806513819 0.676163930950191 0.40753767695570664 0.6759102919078931 0.42932657659381895 0.6204931979758908 0.4286814802894942
1 0.6223836873595638 0.5181999726278602 0.6746639588697166 0.5188091185208715 0.6744568492660927 0.5365844108343237 0.62217657775594 0.5359752649413124
0 0.5079140358277743 0.37848281734391387 0.5632204983083452 0.38204170157853384 0.561821215778176 0.4037871031293048 0.5065147532976051 0.40022821889468485
1 0.50176308687731 0.4884984176305778 0.553938959412973 0.49185641897609766 0.5527972389554962 0.5095962156382233 0.5006213664198332 0.5062382142927034
0 0.4016669385325497 0.3951341804746115 0.45681733882831477 0.4006026168440951 0.4546672583607558 0.4222866578463284 0.39951685806499065 0.4168182214768448
1 0.39462393877276286 0.5048714316329854 0.4466525633797576 0.5100308956941727 0.44489834559895397 0.5277206280605511 0.3928697209919592 0.5225611639993638
0 0.2626826097384652 0.38185696704407074 0.31803907763554323 0.38452753085532554 0.31698906503596513 0.4062925935417558 0.2616325971388871 0.40362202973050093
1 0.26120184790966566 0.4918100274008374 0.31342490441548165 0.49432999110784087 0.3125681167551005 0.5120858303198185 0.2603450602492845 0.509565866612815
0 0.1364133575598867 0.3527113736223276 0.1918262790688663 0.3517740481986498 0.19219481679135722 0.37356130732297793 0.13678189528237764 0.3744986327466557
1 0.13724577024676582 0.4625277449660825 0.18952212162687732 0.46164404010733584 0.18982258127885118 0.479417999576574 0.13754622989873969 0.48030170443532066
