0 0.5042426407710273 0.366467470447404 0.559626664301726 0.3684874671457264 0.5588324417576304 0.39026336415948815 0.5034484182269315 0.3882433674611658
1 0.5009864039648239 0.4845858609462506 0.5532354629783192 0.48649208236532804 0.5525873476958328 0.5042567624299166 0.5003382886823374 0.5023505410108392
0 0.6452523660882981 0.38660515065446804 0.7004704962543733 0.39134102967241075 0.6986084427741455 0.41305170071317493 0.6433903126080702 0.40831582169523223
1 0.6400786354332735 0.5044213634617868 0.6921711636069418 0.5088897363613829 0.6906519168210791 0.5266011959404303 0.6385593886474108 0.5221328230408342
0 0.7749884611966386 0.4025371576376193 0.8303873837926395 0.4040959470116221 0.8297744987996305 0.4258777020416662 0.7743755762036294 0.4243189126676634
1 0.7756227966914081 0.5197095661989652 0.8278859161248407 0.5211806865138956 0.8273857352177645 0.538950147121263 0.7751226157843317 0.5374790268063326
0 0.3618003981527446 0.3684054696146701 0.41718442168344333 0.37042546631299245 0.41639019913934766 0.3922013633267542 0.3610061756086489 0.3901813666284318
1 0.3614511458897714 0.4874928596971498 0.41370020490326675 0.4893990811162272 0.4130520896207804 0.5071637611808157 0.3608030306072851 0.5052575397617384
0 0.2383910996637757 0.3867870394910955 0.2938116462640152 0.38696997019082197 0.2937397215495587 0.4087602273494458 0.2383191749493192 0.40857729664971937
1 0.24198973350654873 0.5058205569904348 0.29427326695843997 0.5059936976247009 0.2942143991427895 0.5237700989983441 0.24193086569089825 0.5235969583640779
0 0.1414916148894338 0.3974460349110585 0.1969121614896733 0.397628965610785 0.1968402367752168 0.41941922276940885 0.14141969017497727 0.4192362920696824
1 0.14509024873220683 0.5164795524103976 0.19737378218409807 0.5166526930446637 0.19731491436844759 0.5344290944183069 0.14503138091655635 0.5342559537840407
0 0.03296419194217076 0.39841503449469134 0.08838473854241026 0.3985979651944178 0.08831281382795375 0.4203882223530417 0.03289226722771426 0.4202052916533152
1 0.03559383093720041 0.5174485519940306 0.08787736438909166 0.5176216926282967 0.08781849657344117 0.5353980940019399 0.035534963121549926 0.5352249533676737
