0 0.34731046166878465 0.4637865311308768 0.3778060144006779 0.4637865311308768 0.3778060144006779 0.4726810673443456 0.34731046166878465 0.4726810673443456
0 0.4099957645065653 0.46632782719186794 0.4404913172384585 0.46632782719186794 0.4404913172384585 0.4752223634053367 0.4099957645065653 0.4752223634053367
0 0.2812367640830159 0.47141041931385014 0.31173231681490915 0.47141041931385014 0.31173231681490915 0.4803049555273189 0.2812367640830159 0.4803049555273189
0 0.22532825074121157 0.4701397712833546 0.25582380347310485 0.4701397712833546 0.25582380347310485 0.4790343074968234 0.22532825074121157 0.4790343074968234
0 0.48284625158831035 0.457433290978399 0.5133418043202036 0.457433290978399 0.5133418043202036 0.46632782719186777 0.48284625158831035 0.46632782719186777
0 0.5624735281660316 0.4599745870393901 0.5929690808979248 0.4599745870393901 0.5929690808979248 0.46886912325285884 0.5624735281660316 0.46886912325285884
0 0.6251588310038121 0.4485387547649301 0.6556543837357054 0.4485387547649301 0.6556543837357054 0.4574332909783989 0.6251588310038121 0.4574332909783989
0 0.694620923337569 0.4472681067344346 0.7251164760694622 0.4472681067344346 0.7251164760694622 0.4561626429479034 0.694620923337569 0.4561626429479034
2 0.40999576450656505 0.5158831003811944 0.4371029224904702 0.5158831003811944 0.4371029224904702 0.5235069885641677 0.40999576450656505 0.5235069885641677
2 0.4862346463362982 0.5069885641677256 0.5133418043202034 0.5069885641677256 0.5133418043202034 0.5146124523506989 0.4862346463362982 0.5146124523506989
2 0.34731046166878443 0.5120711562897078 0.37441761965268955 0.5120711562897078 0.37441761965268955 0.5196950444726811 0.34731046166878443 0.5196950444726811
2 0.5658619229140195 0.5082592121982211 0.5929690808979248 0.5082592121982211 0.5929690808979248 0.5158831003811944 0.5658619229140195 0.5158831003811944
2 0.6302414231257941 0.49809402795425667 0.6573485811096993 0.49809402795425667 0.6573485811096993 0.50571791613723 0.6302414231257941 0.50571791613723
2 0.696315120711563 0.4968233799237612 0.7234222786954682 0.4968233799237612 0.7234222786954682 0.5044472681067346 0.696315120711563 0.5044472681067346
2 0.2812367640830157 0.5146124523506989 0.30834392206692085 0.5146124523506989 0.30834392206692085 0.5222363405336722 0.2812367640830157 0.5222363405336722
2 0.22702244811520533 0.5158831003811944 0.2541296060991105 0.5158831003811944 0.2541296060991105 0.5235069885641677 0.22702244811520533 0.5235069885641677
1 0.22586130323673298 0.31369531829386427 0.2580476237932706 0.31404772326345787 0.25020815885564396 0.7168002344380274 0.21802183829910635 0.7164478294684339
1 0.27671339593892896 0.31489205444829926 0.3156503345090689 0.3153183712939539 0.30778469808906844 0.7194154423750792 0.2688477595189285 0.7189891255294245
1 0.3478435141643061 0.30607143011089094 0.3800298347208437 0.30642383508048454 0.37219036978321696 0.7091763462550541 0.3400040492266794 0.7088239412854604
1 0.41222301437608083 0.30607143011089094 0.4444093349326184 0.30642383508048454 0.4365698699949917 0.7091763462550541 0.40438354943845417 0.7088239412854604
1 0.47514675624888125 0.29649034880898834 0.5073232488281402 0.2957975269258883 0.5227354970346475 0.6984270590689869 0.4905590044553886 0.699119880952087
1 0.5522066709376915 0.3042945265497029 0.5843728307911239 0.3033704205808712 0.6049301355012751 0.7058706576942193 0.5727639756478428 0.7067947636630508
1 0.6877734915480993 0.2925179632121062 0.7199573069246964 0.2920543930204724 0.7302697104859533 0.6947755564828957 0.6980858951093563 0.6952391266745294
1 0.6126530675777982 0.2931710706939325 0.6447976361470729 0.29189238703553705 0.6732427392847122 0.6941224490010693 0.6410981707154376 0.6954011326594648
