0 0.29385124878099744 0.49572044033399115 0.3243423079013081 0.4953037608970849 0.32453413712379536 0.5041969864738421 0.2940430780034848 0.5046136659107484
0 0.3645325353040356 0.5087979268710833 0.39497761029731543 0.5101939430679463 0.39433491791102393 0.5190737566076529 0.3638898429177441 0.5176777404107898
0 0.4395627303447464 0.5164218150540566 0.4700078053380262 0.5178178312509196 0.4693651129517347 0.5266976447906262 0.4389200379584549 0.5253016285937632
0 0.4970326669716737 0.5075272788405878 0.5274777419649536 0.5089232950374507 0.526835049578662 0.5178031085771573 0.4963899745853822 0.5164070923802944
0 0.5624845392412299 0.5189631111150478 0.5929296142345097 0.5203591273119108 0.5922869218482182 0.5292389408516174 0.5618418468549384 0.5278429246547544
0 0.6213200132476491 0.5219512953156585 0.6518093687450792 0.522440620086238 0.651584095352706 0.5313333487729885 0.6210947398552759 0.530844024002409
0 0.6881599593575952 0.5173189584232125 0.7186511249531369 0.5169072447894368 0.7188406680389224 0.5258005014214697 0.6883495024433808 0.5262122150552454
2 0.43618012304969367 0.5633589100723273 0.46320937635533443 0.5649935178116113 0.4624837183652154 0.5725954953038229 0.43545446505957464 0.5709608875645388
2 0.5620856972529901 0.5662973679000531 0.5891730830064277 0.5671213023549253 0.5888073104689906 0.5747396295980797 0.5617199247155529 0.5739156951432075
2 0.6226507431264198 0.5690400297836443 0.649752836304655 0.5694570961300924 0.6495676863635184 0.5770795598364712 0.6224655931852832 0.576662493490023
2 0.6896060613120728 0.5654310306694847 0.7167132165267344 0.56544078336353 0.7167088869740295 0.5730646707676537 0.6896017317593679 0.5730549180736083
2 0.4966338249834339 0.5561321836560886 0.5237212107368715 0.5569561181109609 0.5233554381994344 0.5645744453541152 0.49626805244599675 0.563750510899243
2 0.3625373061872699 0.5561321836560886 0.3896246919407076 0.5569561181109609 0.38925891940327045 0.5645744453541152 0.3621715336498328 0.563750510899243
2 0.2968948276947361 0.5425593661205648 0.32400198290939775 0.5425691188146153 0.32399765335669045 0.5501930062187389 0.2968904981420288 0.5501832535246883
1 0.3727485388458379 0.3554132291000615 0.4048838027836593 0.35690334527134343 0.37545226514959784 0.7590169769143502 0.34331700121177644 0.7575268607430683
1 0.454039601057158 0.3605307828853326 0.48611883908545417 0.3626520367821217 0.4442215930197056 0.7640646073730434 0.41214235499140944 0.7619433534762542
1 0.5068450576420018 0.354142581069566 0.5389803215798232 0.3556326972408479 0.5095487839457618 0.7577463288838547 0.47741352000794035 0.7562562127125728
1 0.5690332846095175 0.36690677227469437 0.6011985318801979 0.3679062804673565 0.5814570757744093 0.7703950982886373 0.5492918285037289 0.7693955900959752
1 0.6240014489594289 0.36840323911853257 0.6561895110883796 0.368665623760616 0.6510071074497195 0.7714399275057818 0.6188190453207687 0.7711775428636986
1 0.6805782108748294 0.3675252399592692 0.7127624321633369 0.36705038790179106 0.722141315816588 0.7697766306040448 0.6899570945280804 0.7702514826615229
1 0.2915048614350318 0.34570704379786904 0.32369433494307176 0.3456008291740378 0.3257921980216838 0.7483927937285982 0.29360272451364383 0.7484990083524296
